0892519001
0728156018
0714029001
0605516005
0924625001
0762286004
0562245034
0654104001
0785069002
0881831002
0614857004
0883336001
0633933003
0485241014
0561948003
0860527001
0567644015
0777056001
0659589001
0898568001
0601154002
0666581003
0723388001
0909004001
0497787002
0907195001
0660497006
0678962002
0589229002
0528383001
0849668001
0930578001
0936895001
0806639001
0799805002
0868438003
0798891006
0843805006
0564372001
0560208005
0770352004
0855507001
0853284002
0736944010
0544199001
0829991001
0533702001
0785364002
0608019003
0571987001
0578478006
0732515001
0578198001
0720504003
0683275005
0751381003
0654590003
0817727001
0833437002
0333353010
0902802001
0593773002
0623935002
0707427001
0691805003
0607032001
0667216002
0612274001
0749415005
0669360002
0346539021
0764568001
0713380023
0785344002
0605842012
0513699010
0500435019
0547852001
0783707046
0883808001
0802529001
0811399001
0591489001
0685602002
0757811002
0586551002
0706268020
0890261001
0825585008
0568060001
0517718002
0536524004
0743724002
0564313004
0653188001
0836747001
0746319001
0644300001
0647207015
0807926001
0841884006
0785796001
0569997009
0936776001
0885033002
0696954001
0733784002
0903048002
0898887001
0851780001
0671491001
0880330001
0653188024
0730370001
0563113001
0685816006
0694848008
0897869001
0475179002
0404441004
0655791004
0647338003
0783969004
0742423001
0575238006
0890845006
0703347001
0880343001
0747204002
0556174005
0748236002
0623228004
0773461001
0721805010
0842976008
0612267001
0726393006
0723078003
0648764002
0655792010
0706271015
0766944001
0806711001
0766195001
0767577007
0592103004
0495949002
0884441001
0807795002
0753778008
0544391001
0825927010
0855507002
0802236001
0604988008
0662369003
0785060001
0742400048
0675662025
0934312002
0740549001
0729136003
0588245004
0584631058
0898434001
0742079002
0926603002
0541403003
0761285001
0807241090
0694465004
0515693004
0181448103
0670946001
0473507002
0501620045
0618942006
0730020006
0666651001
0630116011
0771796001
0880783001
0536139034
0694968005
0611878004
0756118010
0816752001
0543035013
0731383001
0605106001
0685604046
0879436003
0547780016
0351462009
0685602016
0618760001
0738111001
0666617009
0670049001
0509091036
0756320013
0667411024
0566941003
0538358019
0530030001
0530166001
0648908001
0930866001
0727880009
0685601014
0695325014
0663793003
0767577038
0767577056
0878456001
0868376001
0662369012
0783707123
0453831022
0836142001
0551515001
0851633001
0564313003
0902265001
0865724001
0663350001
0568829007
0610776017
0699738002
0887535002
0685604039
0822495008
0750553002
0934312001
0755080001
0650734005
0685602010
0784722001
0675662026
0612455003
0604988009
0527661004
0685604080
0713997093
0556429004
0595697020
0606710004
0824432001
0882999001
0674606005
0895564001
0769344001
0695263003
0770351003
0408647007
0671132001
0553057005
0653542003
0365439052
0564314007
0639552001
0642739002
0866178003
0581363018
0605970004
0608776004
0851124001
0642906001
0699280002
0801092001
0808021006
0719553003
0648713001
0774295002
0911056002
0928890001
0854951003
0615420001
0932722001
0605092013
0774113006
0604655006
0795354002
0501923002
0790518007
0693697004
0793851006
0682192003
0576676001
0683123006
0783707096
0748961001
0700175001
0658011002
0652269004
0483082007
0853395001
0622031002
0794216002
0793506014
0651723001
0619552005
0835225001
0604988002
0625483002
0769667001
0668273001
0861410004
0772349009
0856667006
0644944002
0651862008
0801166001
0601595002
0803423001
0758064001
0829662001
0664836005
0781467014
0858407002
0586310001
0606743002
0685604048
0719629003
0848822001
0566941022
0669614003
0561277001
0767754001
0883886002
0511569003
0742087004
0845086001
0712052002
0635327001
0823306002
0599580020
0662369014
0777813001
0685601013
0823168003
0850562001
0655248004
0518329015
0534936001
0543035003
0772727001
0660927002
0807362002
0506411004
0628750001
0422393004
0567535006
0852390001
0779781005
0704767004
0685601007
0915361005
0678707012
0534014001
0778869001
0671613001
0746437003
0888399001
0564309048
0582625005
0807772001
0331072001
0872900001
0631536015
0603861003
0615303005
0904842001
0685601015
0798938018
0788429004
0521779002
0724567004
0734461009
0610490001
0779979004
0852678003
0708345007
0721805001
0650279002
0724154009
0450333001
0664485001
0680396004
0815461006
0567418036
0765175001
0600886008
0562397002
0772003002
0793506015
0629416002
0633152012
0793339004
0643344006
0743088002
0891638002
0650657001
0816919001
0769814002
0684341001
0928395001
0736385004
0730645006
0111565003
0713380037
0603585003
0574528006
0662369080
0743604003
0560214003
0736109003
0897940001
0621363002
0567638012
0637569001
0787523001
0776473001
0653188002
0633017004
0685604075
0834333004
0625432001
0162074062
0564313020
0669614012
0690935004
0801083001
0716958001
0211143023
0715024004
0575347009
0655792016
0885074001
0706631002
0721457004
0452818021
0720577025
0562480004
0673390001
0584128001
0783707105
0827083004
0790518006
0780418026
0714189001
0663281001
0860285002
0616636003
0813365001
0672461001
0759952002
0728841001
0700701001
0636389002
0702657002
0710876031
0633929002
0572582002
0584631041
0645891001
0793506011
0673742001
0708347002
0677478006
0806241004
0867968002
0488697002
0635689002
0315795001
0798763004
0612514006
0707269011
0653716011
0642770001
0607375001
0855935002
0770359002
0264713028
0923363002
0749131001
0733067001
0701134024
0667411015
0732948003
0772031001
0824455001
0665492001
0756687007
0556681001
0466381010
0555109002
0524825006
0570319054
0732873002
0401729001
0738018001
0782435001
0783707045
0657770003
0663378005
0663518004
0698470001
0655256002
0784205002
0599812004
0684238002
0712153004
0853803001
0663261001
0891322004
0552611001
0621915006
0672032001
0707269004
0564314021
0777838001
0662310004
0757805010
0742400042
0826197003
0602998001
0613387001
0572056002
0890347002
0555340001
0619506001
0710387002
0866590002
0750519001
0662369004
0403844007
0863103001
0619918004
0472755002
0566941025
0844986001
0806963003
0790383001
0601769001
0567644010
0495573006
0662369026
0556640001
0591833010
0677917007
0879605001
0725112003
0594674001
0863560001
0861442001
0767577005
0557544011
0635839005
0484398056
0673844002
0292453009
0254303057
0234421002
0925139001
0675662011
0866917001
0925139002
0701057008
0564312034
0616086008
0723469005
0450604008
0543035016
0162074071
0798791002
0635789005
0471714005
0623248008
0934389001
0685604045
0201219011
0653188017
0406724003
0706268038
0586310007
0608007018
0677478002
0685814053
0685602034
0762331012
0594741002
0702932004
0796294004
0569374001
0758561003
0761432001
0685616009
0684021001
0747264002
0713380030
0567729010
0567442001
0566943001
0572582007
0676994005
0652356026
0887191001
0765907001
0568800039
0874465001
0653188027
0824752001
0338400001
0889703001
0843805003
0771414001
0623252001
0743125001
0761142001
0809226002
0605106002
0186595001
0750493001
0494088014
0637411001
0596877003
0377289002
0600747001
0685601024
0488697030
0685604081
0386678001
0702846001
0761696003
0803625002
0816846001
0815701001
0783707159
0662369045
0541401001
0771796004
0841434003
0676582002
0504852005
0751706001
0669727001
0756420005
0863525002
0806989002
0767577058
0736489021
0683483001
0636407001
0903998001
0807241059
0852435001
0677930085
0649553009
0861850001
0796294003
0584580002
0453491005
0529008046
0796128001
0733166001
0732515002
0591334020
0685600024
0697920013
0604387003
0677486004
0812363002
0822348001
0847696001
0652356047
0662369007
0706654004
0902175002
0768847001
0672383004
0649555002
0784021004
0670983005
0593030003
0672625002
0894788001
0761643002
0523936049
0590920002
0781570015
0814157001
0568800027
0899499001
0630304002
0523936014
0721390006
0804556001
0568931001
0499305001
0803373002
0575347011
0726897002
0634712004
0947538001
0596006003
0490829006
0700714004
0682088001
0394292008
0631870001
0835213001
0652356081
0464610002
0790518002
0677787002
0532578017
0769008002
0742735001
0523936004
0585809003
0525500035
0697920010
0730871001
0774040004
0783517006
0757191001
0667411014
0634579001
0684009001
0619280001
0508156027
0713380014
0624235001
0783707048
0572325006
0743182001
0601696001
0642498012
0493421001
0851780003
0564314048
0853325001
0714026016
0791927001
0448515018
0629483002
0624042004
0316242055
0892703002
0536139003
0868654001
0675662035
0681264006
0361531003
0645930004
0584631018
0689365020
0712143001
0769808001
0624110006
0784785001
0855935005
0651300001
0684618001
0640863003
0611020027
0609485011
0685604037
0571198002
0730012003
0898596001
0617249016
0494094001
0797164001
0657731001
0473954013
0542051002
0711957004
0852678004
0841793002
0821695001
0523554001
0706268031
0838783001
0619918005
0877961022
0701078010
0863103002
0643833006
0706271027
0622745001
0943879001
0414102001
0850897001
0370868013
0769684001
0669412004
0404441007
0700701003
0866731002
0665228002
0889347002
0819233001
0683123023
0767577024
0865572002
0511663001
0804992017
0822568001
0908616001
0110065002
0619918002
0576692001
0885519002
0719578001
0838825003
0607272004
0671809005
0324502003
0767577015
0513325020
0595114001
0188183023
0790904007
0903275001
0859077015
0600941002
0212766042
0855080001
0832932002
0554864001
0801584001
0568838007
0578234002
0787260005
0573716015
0916926006
0895933001
0699923066
0622220011
0701134009
0603552001
0567424004
0687668002
0697920053
0693694001
0568808002
0899014001
0655792014
0373506027
0924606002
0685604094
0552852035
0536139011
0655792007
0586896003
0779155002
0783707070
0920602001
0787079001
0506410007
0902523001
0792344006
0301227017
0577425001
0717668002
0687965001
0578317002
0539143002
0770782001
0748390002
0719629014
0806852001
0592304001
0766919005
0473954008
0564312033
0880582004
0625342002
0575158001
0584959002
0709719001
0675662003
0816852001
0566941002
0162074069
0535619001
0651845001
0831269001
0713993034
0768717001
0567413004
0670334016
0698283005
0539286002
0564312004
0685605012
0624412001
0713993063
0707186003
0852026001
0706268039
0623820002
0508837001
0803757001
0666114001
0662369008
0874168001
0566941024
0567532029
0816830001
0924623004
0910564001
0900825002
0733471001
0612778001
0862122002
0571487001
0454544010
0615325002
0567644002
0705878001
0278563001
0671049001
0927657001
0694410002
0664619001
0485176007
0761713005
0752830001
0850895001
0605091005
0921169001
0714026019
0723799001
0717162001
0817109002
0648823001
0714026012
0609595003
0865086006
0590352001
0523936006
0874961002
0910432001
0899499004
0653275042
0564309014
0732386001
0913341001
0564314030
0599580061
0705870001
0737710001
0883808002
0675817004
0449897048
0811107001
0557548002
0743444001
0685605006
0780724002
0759597003
0583425001
0767127001
0566940011
0772010002
0924040001
0767377009
0685604051
0660112001
0854043005
0609182006
0640541001
0557599025
0617691001
0793506003
0811777004
0806838001
0624901013
0765994001
0631961001
0697920041
0532205003
0685985002
0678291002
0694511001
0695069003
0665224001
0859583002
0633929001
0528188001
0720635007
0585651001
0604655008
0718321005
0698293002
0748344003
0879626002
0717727014
0506177001
0561954002
0702265001
0635112004
0826955001
0603145014
0879248002
0780434001
0417855001
0571503011
0785515003
0793193008
0727880003
0675662033
0783707049
0656638001
0566941012
0529321001
0865558001
0679139003
0717504001
0547365024
0685606010
0918892001
0781862001
0651276003
0892079001
0681182006
0760295001
0640193002
0509994012
0708185006
0612509004
0266875015
0607286004
0656491010
0802485003
0680391021
0338016009
0744844004
0652356013
0521471002
0622271001
0704756001
0625311006
0691704002
0677478003
0843709001
0408571001
0796156003
0718086005
0654306001
0727880002
0642770002
0234421001
0506411003
0921829002
0609166005
0832782001
0448509014
0844439001
0851780002
0663695002
0372576013
0807926002
0573410004
0652365004
0603145015
0647892001
0922065001
0615514001
0805456001
0697315002
0523936045
0644322001
0564311035
0810231001
0396690001
0557599001
0767577063
0717445001
0564310025
0373506004
0762287001
0710943001
0547052001
0761162001
0803135001
0701134012
0650657002
0739578003
0767577027
0788172007
0545929003
0866457006
0722436001
0790383007
0608596003
0888024005
0717370003
0832723003
0754404004
0588676001
0720687001
0494094012
0615941001
0849271001
0766402008
0241486016
0730683050
0780724001
0711557001
0510264002
0865454002
0620255001
0564312002
0782129002
0801512001
0740920001
0111609001
0677993001
0884350002
0642498007
0568800038
0685604050
0489435015
0713934009
0598604005
0806388028
0633930001
0804992001
0736355001
0715862002
0517931003
0884535001
0505882006
0545929002
0803014001
0658223001
0584631017
0659289001
0880553001
0663465002
0375585027
0713380013
0516859015
0827792002
0488697015
0793506019
0450780009
0850426008
0724906019
0542352008
0504960006
0872010001
0638751002
0578630013
0508156031
0686031001
0783707111
0868099001
0771742001
0515201005
0673776004
0633640001
0832083002
0869530002
0366859024
0677488001
0783217004
0506410004
0492899008
0767577002
0918358001
0749312001
0818391001
0716019001
0933408002
0754440001
0685604005
0715024001
0643833005
0685616010
0667412002
0594094003
0802230003
0853754002
0671809003
0691683001
0619918003
0857453011
0629746006
0670698020
0520427011
0887668001
0747786008
0926938001
0802461004
0517729051
0722475011
0703474002
0228257004
0853925002
0506411008
0562245088
0772711010
0748355017
0565338006
0689005001
0652356059
0769007012
0677522001
0533406036
0859176001
0872453002
0706319001
0703152001
0718427001
0538358026
0373506019
0683123003
0867254001
0702251002
0601769006
0742400016
0761579001
0524825002
0789262001
0564309012
0546579001
0701078002
0843772004
0913717001
0775088001
0652747006
0523936040
0799805001
0694848001
0685604083
0523936024
0785506001
0832522001
0738761002
0885586001
0680262003
0614859001
0811899003
0890386003
0566941001
0697920065
0633152003
0570166001
0834624001
0879646003
0836954001
0870115001
0649407001
0607284001
0877389002
0645325001
0855610001
0685601003
0620778001
0587191001
0652016001
0889000002
0640863005
0732060014
0610617001
0657897001
0714026002
0682384002
0678518004
0536201001
0663384004
0703600001
0825781005
0599719041
0731528002
0896157001
0700367004
0541326004
0563519010
0412869004
0601154001
0915444001
0224337008
0616098001
0643493002
0609182001
0623559007
0671632001
0695450003
0685601036
0683001017
0752869002
0793704004
0640156002
0807241033
0855080005
0702932001
0761018030
0731251001
0642230010
0895555001
0542913002
0528931002
0572796014
0818692001
0546662001
0669631004
0651869001
0924126001
0701078007
0645953001
0485240002
0546150002
0662592004
0760144003
0660150001
0211143037
0650534002
0685606001
0707269003
0793506002
0903673001
0561156001
0748390003
0645304001
0857574003
0685604093
0898890001
0589795005
0576689001
0879248004
0269342021
0767577011
0715303006
0694132002
0685604086
0756415005
0797000001
0859236009
0631961004
0737800009
0564312013
0616049012
0702932036
0779951002
0757613001
0654103002
0675662002
0748355006
0807732001
0855080008
0580263001
0568800023
0714029002
0953450001
0559634006
0695324016
0408649006
0852285002
0559575001
0839998001
0613147003
0748361003
0909601001
0877764001
0759796005
0867622003
0906623002
0523936044
0703578001
0721059001
0685604047
0742400054
0266875019
0544836004
0836235001
0763708009
0567638007
0747291003
0651256001
0372576017
0685604049
0619110001
0855935004
0615794001
0661435001
0637464002
0910314001
0304778011
0701134010
0584631003
0843869002
0698919001
0872692001
0564375003
0650614002
0683001025
0832093002
0691809002
0937862001
0818890001
0502836005
0789158007
0539499002
0685604062
0215303002
0818694001
0691989003
0738810004
0507431024
0819137001
0585277001
0670734001
0836538002
0391598061
0579508001
0788006001
0661064002
0243937028
0683275006
0906705001
0496202001
0852679005
0577425021
0664122002
0773323001
0713237002
0598848005
0811835001
0606025002
0733696005
0610926002
0809961001
0543035019
0805689001
0489435010
0708626002
0700851001
0681264010
0621888003
0645971003
0759909004
0584631049
0623655001
0719957020
0552212004
0664936005
0800803001
0793193002
0569973026
0793506021
0619561002
0301227023
0477163013
0778745007
0769814012
0699262001
0622967001
0654436002
0603553001
0589549015
0776887001
0761698001
0762853001
0626199001
0742258025
0560559001
0546269007
0752512007
0569355006
0576693002
0599773008
0809320006
0783707031
0659832006
0916766001
0652356015
0451380012
0566942003
0568800029
0881758001
0652701003
0809278001
0552743009
0703781002
0779546002
0897022001
0877005002
0838951001
0723388003
0685602029
0818621004
0877961002
0730857014
0506411009
0685604063
0852288001
0568800031
0558246003
0633225007
0506411011
0754751008
0713380016
0658641001
0637847001
0698276003
0606281001
0706268029
0731383005
0568800036
0607031001
0697920006
0663793002
0848314001
0655791002
0783380002
0839177001
0652361004
0783707168
0703672003
0566941004
0755869001
0557544007
0610182001
0787648005
0770021003
0803594001
0880696008
0736944008
0575347014
0546150003
0609737002
0719629010
0504414002
0652029003
0701134023
0783707056
0780386001
0705732003
0684008001
0699082006
0712999001
0850244006
0843805001
0674024001
0569591004
0505882002
0659496001
0458428034
0610057001
0768593001
0700701006
0900236003
0658329031
0614412002
0872284002
0895572001
0605695001
0559633019
0599703003
0748355003
0661061005
0476366004
0685604041
0744189006
0685604012
0757613002
0577089004
0888331002
0535478001
0942955003
0920592001
0639890001
0550790001
0645970001
0488697024
0784245001
0742794002
0587740004
0619285004
0683123018
0265630006
0576821002
0530729007
0590922001
0594741001
0811912001
0600931002
0702765001
0825700003
0661061003
0873759002
0783707079
0534044004
0623498002
0647268003
0663793010
0741451001
0730645009
0600707005
0748566006
0811398007
0874961004
0557570003
0706271013
0504151001
0683486001
0160442010
0843811003
0806762001
0662369018
0547367006
0564310047
0482638017
0783707064
0219075023
0788470002
0915101002
0689123002
0855935001
0663358001
0661054006
0699810001
0910503006
0474471002
0645994001
0538976001
0685604095
0454544001
0665378002
0661365002
0789701001
0914672001
0861850002
0890505001
0838324001
0557599004
0843812004
0854915002
0763863004
0663323002
0753475001
0494088022
0826197001
0391750001
0682237004
0568800010
0723912003
0867622001
0569374002
0495393001
0490473018
0631441004
0782652001
0792934001
0710387004
0867969008
0649440021
0740896001
0800774001
0699923099
0751399006
0892791005
0687764001
0522398049
0736784002
0903062004
0693956003
0928892001
0631536007
0646768001
0655791010
0577425014
0877069001
0666741001
0937965001
0662369052
0840024001
0685616001
0894400002
0826689002
0777079003
0754304001
0351182006
0584631022
0783707019
0712398001
0576692002
0800396001
0702932033
0577512004
0566940004
0619918001
0566941014
0566940002
0653188006
0715550001
0800916001
0778458008
0699755001
0508993006
0621367002
0719547001
0619291002
0554555003
0725726001
0735379001
0701134001
0509415002
0689071003
0807241016
0875328002
0766402014
0894079001
0633250005
0787677001
0803156002
0575347003
0564309001
0716219001
0873764003
0528560001
0645971002
0648348003
0803373004
0758928004
0635918001
0854460001
0884405003
0853809001
0710695013
0850643001
0597481001
0605230010
0489217005
0365102023
0874961005
0934259001
0601728030
0615131001
0647338012
0744844002
0532102012
0702989003
0770359001
0685606015
0771829002
0507854003
0181448109
0700802002
0638811003
0736581004
0811340001
0525538001
0737616004
0757980001
0872506001
0681180030
0805455008
0717213006
0681748001
0739341002
0721257001
0647338014
0771844001
0610665001
0638904001
0713993041
0126589007
0362219001
0741040004
0877090001
0506410008
0480121009
0709745004
0695341006
0791428001
0631984005
0608381002
0519975006
0750397014
0835601001
0783707109
0620907005
0708977004
0712924003
0564310008
0689501001
0624901014
0671540004
0665666011
0697920042
0892492001
0733175001
0564310011
0903428001
0843614012
0706271030
0855080010
0871869001
0201219001
0560030017
0783707089
0824742001
0715255007
0764147005
0685601011
0867969007
0877961011
0515780001
0903215002
0785856002
0906382001
0669614001
0894221001
0492876001
0774010001
0650618001
0583426001
0649437001
0947060001
0606395014
0855080002
0600044006
0885490002
0642687005
0716590009
0297078002
0655792005
0607912002
0759266004
0678687016
0583150003
0656079002
0653275020
0834059001
0575132001
0736185002
0545931001
0706271026
0749119002
0856667005
0703833001
0763988007
0582695001
0895934001
0719629001
0718982001
0794521001
0622961009
0755030001
0667411003
0568800035
0723345004
0710695011
0541763001
0233672016
0694236008
0759117004
0656649010
0349301028
0834431003
0351098032
0226959007
0783707063
0599765001
0475791004
0779650001
0564358061
0792469015
0576693001
0748365001
0695632097
0564312018
0406724020
0634531003
0695166011
0711718005
0652356074
0936776002
0360950007
0702293001
0820442001
0737370001
0872686001
0783014001
0935704001
0873199001
0546260001
0664340001
0697920067
0806847006
0757740006
0850432001
0685602005
0568192001
0854679003
0787160001
0727947009
0846326001
0766928002
0725663003
0439793010
0763862002
0843805002
0657285005
0632534003
0584631072
0905091001
0765308002
0505512007
0679740001
0701076004
0765419002
0597891002
0581983005
0523936019
0697997001
0709749003
0473954015
0931720001
0573892001
0181448106
0803454001
0622958015
0686564002
0613666002
0508227011
0767754002
0607912001
0743603003
0860274001
0748365003
0619280008
0573716033
0605106007
0887748001
0707108002
0738103001
0680777001
0699296001
0634021002
0863101001
0807241030
0783707041
0713380001
0868430001
0695325004
0637100001
0513699009
0564312022
0548206002
0902288001
0588689005
0791223002
0702932009
0718321004
0685602028
0795836002
0633535003
0805395001
0714746001
0717745001
0319906007
0777628001
0853839003
0543035015
0719300001
0581859002
0728997001
0771661001
0608016001
0866171003
0494088002
0621999001
0503742001
0564130004
0706631001
0497464003
0736530009
0708869002
0677482002
0564309029
0523665001
0904198001
0685601016
0866792001
0452818029
0536139029
0695341004
0742092002
0727804001
0701981001
0844688001
0653706036
0761018017
0539008001
0729322001
0567714003
0720577022
0783926002
0551504002
0852389001
0800447002
0788125002
0597506004
0782880002
0732382001
0631878001
0743604001
0740930001
0536139048
0625482004
0712058002
0655791008
0657208001
0684008006
0156224001
0903017001
0551370003
0739347015
0484205009
0669812001
0583084006
0903058001
0727944001
0824764012
0679986005
0769107001
0719629025
0749708002
0542352005
0803137003
0834058001
0492971001
0663382001
0717089001
0560270008
0701134017
0672831001
0783707039
0452818001
0769776002
0795836035
0785034001
0783707012
0732948002
0487722005
0843506001
0600931001
0512385003
0825930001
0806241007
0495949003
0796285001
0622242003
0647338011
0655791003
0766919006
0737083001
0565292027
0850239001
0564310015
0389479007
0869198005
0591439009
0600229019
0861011001
0601728016
0804994002
0588037001
0706271024
0564314036
0681900001
0761559001
0760656002
0777810001
0612882002
0699445001
0797072001
0884252001
0623434022
0649437007
0709414002
0249136006
0518190028
0832472001
0679854009
0692946001
0851774002
0942048001
0604988005
0685602032
0915019002
0819113001
0767577043
0757903026
0832997001
0652356024
0663475001
0799046001
0763488001
0567644008
0730120001
0751994014
0619904001
0632362002
0720577023
0905724001
0653145007
0744600003
0845906001
0706271029
0760876012
0738568003
0561758018
0571503004
0654222001
0752790001
0631744001
0558770004
0894593001
0568575002
0713380003
0600920001
0846327001
0501620023
0685606007
0825597001
0713380004
0634591002
0726516004
0645901004
0510283001
0810398002
0660930001
0835704002
0576692003
0928171001
0582480026
0759610001
0751542001
0655248003
0685605001
0769825005
0855216003
0694225001
0705821001
0841884005
0657209001
0660003004
0664647010
0540277004
0802871006
0822389002
0820611001
0834661010
0757812004
0537732002
0588582001
0693497003
0685602001
0893798001
0766435009
0529035001
0652016002
0545375002
0652731038
0854328001
0753737013
0717816004
0631536018
0211143036
0714177001
0719629024
0711903001
0694291002
0874961003
0806963005
0560217002
0698264001
0769683001
0615988002
0753737002
0861477001
0868438002
0671973001
0816857001
0923758001
0773776006
0607276004
0681373020
0408664010
0417951001
0701078009
0753708001
0463117010
0490473004
0581859003
0906372001
0649445001
0817109001
0564309051
0719629019
0523936012
0642687001
0855507004
0914718001
0749030006
0596274001
0566839003
0750393001
0874837001
0408664007
0921169002
0660401003
0906576001
0619825002
0321249006
0866171001
0793679001
0490829007
0870765004
0650677003
0879605002
0880777003
0711462005
0723529004
0766099001
0806964002
0563665006
0605106008
0301227019
0905803001
0514920002
0217727003
0783707150
0538701003
0615004001
0700851003
0690506002
0827316001
0866244003
0803193001
0580469002
0652346002
0545258007
0723677004
0547349005
0812683015
0715542002
0844718002
0653221002
0564314008
0796116001
0564309018
0710056011
0542352006
0719629012
0585138001
0323274002
0726705001
0898596005
0918725001
0871908001
0717538001
0543035002
0685604022
0846869002
0802576001
0753475022
0581154001
0769483005
0703810001
0682813002
0304946034
0685604073
0647338001
0585108004
0816098001
0740361002
0765143001
0761501007
0863560003
0827482001
0632803006
0923468002
0509091011
0568800019
0685604044
0620221002
0810777001
0736355002
0822126002
0574066001
0789674005
0708722004
0650607002
0834367001
0667409014
0701057001
0747636009
0566942004
0604988011
0685601022
0700170002
0592839005
0607276001
0815092004
0702932002
0695326003
0427159023
0662980003
0737222006
0806963002
0764488001
0638642003
0643160012
0449099026
0587134001
0902831002
0689552001
0681264009
0943256001
0648449002
0744705005
0568601018
0681595001
0684272001
0682686001
0798475001
0719608001
0816814001
0300024013
0609483003
0803757004
0685985001
0566940001
0751286002
0742190001
0849217002
0506413002
0552249001
0612182010
0653188003
0801076003
0490829009
0743738001
0783707146
0720125007
0896409001
0845086002
0584788001
0736385011
0714431001
0600932003
0763862004
0629881006
0701134020
0597692002
0701079003
0744844001
0564314040
0730645008
0754429001
0661084003
0608776022
0807241057
0811927007
0670507001
0704913002
0783707021
0597963002
0731383009
0515013001
0837135001
0592977001
0825109002
0685604028
0653553002
0760876008
0645970002
0838184001
0622220017
0795822001
0685600010
0564311008
0584631066
0593808005
0732354001
0783707085
0685601031
0644323004
0697920055
0462162014
0751907005
0523936021
0769360001
0616030001
0808619001
0662553007
0905914003
0586955029
0697256002
0701080002
0539744001
0670942003
0907188003
0297067003
0412664020
0211143022
0810777004
0683001029
0639407005
0690917002
0538813002
0680722001
0508318016
0701134029
0243937023
0903864001
0816862001
0725662002
0694465002
0525457001
0732515004
0631536016
0685353001
0495030014
0814857001
0711529003
0793506008
0411569002
0761643003
0495030016
0643968001
0632534002
0777058001
0694512001
0838440001
0610321002
0485240009
0717199001
0882757001
0685604054
0233091016
0715024011
0766974003
0694614001
0846753002
0710387003
0520418002
0713850001
0800691008
0751724001
0776237006
0677917004
0639835001
0738715001
0699923097
0760879005
0547384001
0742416001
0622970001
0877961010
0634320003
0684087008
0829643005
0400296010
0518166001
0402382010
0879912002
0899499007
0696242001
0508638025
0684021013
0807241061
0831453002
0867969002
0591863001
0633136001
0782540001
0782471001
0719629036
0848834001
0744460001
0747192002
0653208002
0806241002
0647207007
0451720003
0645942003
0700156002
0772448005
0919896001
0770351001
0799979002
0548388013
0732666001
0665303001
0581105001
0662369011
0642648001
0736385005
0767577053
0853701001
0785327003
0652356036
0716590012
0756420007
0566942007
0743803005
0878987008
0567638009
0659694002
0840021001
0633148001
0871909001
0610725001
0753475025
0667411020
0811783005
0709749001
0806657003
0738815008
0754440003
0567638017
0843614001
0530928001
0447694015
0858856004
0685604007
0730645003
0464927004
0761406006
0605094024
0788739001
0384482010
0666656004
0589599008
0836789001
0685605009
0682238030
0765150001
0836875001
0645704002
0822354001
0650653002
0571202001
0373506011
0523936003
0566940016
0644362005
0817972002
0507854002
0728876005
0883274004
0619718001
0643547004
0671809004
0676316003
0431570014
0605093002
0698950001
0715252001
0600439001
0742742006
0715024009
0519975008
0909701002
0622141009
0683565001
0796784001
0706582002
0584631056
0543035001
0851778002
0730048001
0845089001
0685604001
0551394003
0909472001
0879658002
0738815001
0597221001
0683852001
0681180013
0862219002
0814631005
0412370001
0649271001
0884081001
0794116002
0833771001
0392938001
0660008001
0935892001
0619291001
0587693001
0724906018
0839899002
0564309002
0893757003
0523936027
0761501004
0804955001
0449897015
0902518007
0697920005
0904424002
0350911010
0740725001
0729928016
0811907011
0714543001
0549135001
0691724001
0771796002
0649521002
0509497005
0881497001
0852679001
0685601030
0663378002
0706268041
0480093001
0741366001
0758928001
0717196005
0564447001
0693986001
0600043001
0749030005
0850261002
0456011001
0896278001
0747786002
0656079001
0711945001
0825246001
0704758015
0759122001
0666167005
0586955032
0707269001
0608221003
0854338009
0665676001
0735402002
0228257005
0635839002
0859262001
0852584001
0725293005
0652365003
0708073005
0619186001
0608776021
0655267003
0722203001
0691039003
0611500001
0670119001
0813568002
0706204001
0666656001
0733074001
0812464001
0731743002
0766156008
0871826002
0685604040
0859583001
0265630004
0586555001
0870643002
0359504016
0713380022
0715828017
0719629016
0749131003
0723890002
0787654002
0673911002
0523936032
0618360001
0581153001
0581859007
0510264001
0488697006
0586336011
0559715004
0620933002
0851094008
0718321002
0740888003
0682238003
0757303001
0707704005
0564309050
0685604061
0632021001
0783707069
0767577003
0767799022
0584631047
0506411006
0584631055
0518091001
0785344001
0601638003
0694618002
0750553001
0811107003
0898041002
0678687012
0756415007
0652708001
0937667002
0743641001
0649000001
0852174001
0615525004
0630084001
0523936013
0680263011
0814631001
0885618001
0770835004
0718321001
0650534001
0652356031
0685602019
0773776001
0566940021
0564787002
0873366002
0624901016
0579510001
0781469004
0685605007
0742735003
0557994022
0534071004
0777285001
0495030001
0821140001
0698276006
0552252002
0599765002
0736582002
0774503004
0869070001
0668562002
0894140004
0902864001
0781758088
0918632001
0509497002
0514865002
0719629023
0812683002
0600663001
0775579003
0756099013
0708325002
0630777015
0657001001
0820866001
0564310037
0744582004
0621760009
0932571002
0764525001
0643160028
0509937020
0772988001
0386859038
0669811001
0873200001
0792073002
0923986001
0554477026
0529012040
0865072004
0498735003
0664633001
0549896007
0807244003
0898760001
0652356063
0756415003
0766346007
0713380005
0558817002
0536139058
0214844002
0632651002
0783707110
0663285002
0519975001
0543062001
0853127001
0787153002
0535146002
0788256002
0543035012
0662441002
0685604035
0867896001
0783707029
0865912001
0730013010
0551045044
0819147001
0866660002
0685604026
0807241005
0663581001
0674065001
0690176001
0632290003
0708485002
0657287005
0903895001
0760656001
0651862006
0582304002
0916926003
0650628001
0564309005
0653908001
0751254001
0556763001
0647423003
0699008004
0801452006
0599580055
0926015005
0861851001
0658847002
0585273004
0545894002
0755604003
0582247001
0467557008
0631536012
0554554001
0609176001
0726063001
0880553002
0806965004
0715550002
0522718001
0810915001
0391750012
0697487001
0498741010
0677930008
0543219004
0720228002
0783707151
0598604001
0849419001
0750423012
0719010001
0513373002
0942062001
0655916002
0837413001
0867968006
0550004001
0811909006
0613913001
0854322001
0849886006
0744093001
0780045001
0766833001
0771131003
0633233004
0685378002
0810890001
0771796003
0762331004
0601769009
0880345002
0505512004
0721386001
0740920002
0736769042
0699954001
0243937018
0700747001
0677493001
0685601021
0608776002
0902508001
0619451002
0783608002
0304778009
0201219017
0566942001
0767754004
0743606002
0738178001
0572494001
0474471019
0793614002
0644300006
0609469003
0455832001
0785889002
0684686001
0678691003
0536139055
0584631063
0718321006
0516000071
0469562068
0551515002
0878111001
0753475028
0839769003
0492892001
0661705001
0933729001
0569984014
0651692001
0806657001
0706271019
0747786004
0645969001
0772831011
0510264003
0739265017
0660009003
0495030003
0130035001
0630777018
0717467002
0707109001
0807093001
0778645007
0825318001
0807241012
0490473019
0421387025
0705849001
0715606002
0897319002
0587679001
0840849001
0564312035
0909358001
0696782001
0685604013
0639895001
0322017003
0685604032
0644362002
0874754009
0694614002
0802078004
0855145001
0841400001
0748354001
0506410009
0617284003
0637676002
0543035017
0764110001
0566943003
0752200002
0594922001
0783707081
0523936038
0818605004
0564312020
0868823008
0698283002
0689134002
0693944001
0767577034
0506410003
0584631038
0622598001
0630323010
0663474001
0667411008
0663407001
0796297001
0569374003
0685602003
0651276001
0938190002
0266875022
0400901004
0266168001
0875577001
0666167006
0735452003
0766526003
0577887003
0710766002
0585929004
0847570001
0834333001
0887912002
0685604070
0895294001
0858545001
0778745013
0667411018
0748365002
0708819002
0618480001
0801309007
0564310039
0670512002
0846713002
0687635008
0684055001
0475827018
0593954005
0683444002
0517495004
0619506006
0611005001
0796210001
0564309019
0756320014
0807241018
0582701001
0682382001
0662369005
0900857003
0559616001
0523557001
0597818005
0647338006
0760748005
0518191002
0766595006
0896685003
0763943012
0787696008
0879450001
0867742011
0566940006
0748401001
0570241005
0685602014
0599742001
0557599010
0564312007
0804994001
0795921001
0621759002
0319906002
0500451002
0606047001
0793506018
0720325002
0747245001
0890683002
0845428004
0593030001
0631744013
0737924001
0780045003
0572582012
0564790008
0798620001
0833499010
0892342001
0525926001
0631649002
0880780003
0669393001
0685604074
0658487001
0742978001
0552090005
0148033006
0765636001
0701548001
0739590024
0654100006
0800245001
0266873009
0680262021
0403844004
0750424009
0874961001
0606322010
0565313001
0319906001
0700746001
0268305001
0597963001
0885047004
0730412005
0505512001
0656630002
0568800020
0564311028
0916500001
0885117001
0797731006
0692407001
0819113003
0853256001
0685602004
0816752002
0702800001
0406724023
0672320001
0484260003
0764147012
0789051001
0791033007
0709755002
0673742002
0653188025
0713956001
0713380007
0717816005
0855767002
0685604030
0862063002
0742933001
0559634030
0815314001
0849586002
0685604056
0624901015
0394292001
0685605002
0630325001
0920403001
0826140002
0482638018
0728791001
0514825001
0341917002
0856992001
0844409001
0898439003
0662335001
0762287008
0905867001
0516900006
0581983010
0922447001
0764878002
0783418010
0569998001
0687707003
0770957001
0464297021
0664074020
0706268011
0610490003
0783418003
0506412003
0738257001
0564312023
0726705002
0675662022
0810170003
0912088001
0806974004
0711681001
0543035006
0630145001
0564309044
0750553003
0783707062
0730013007
0807241050
0778645001
0597506003
0608674001
0501722004
0720228003
0844430001
0846825001
0561948005
0645134004
0807244017
0566941019
0786161002
0783707152
0600932001
0663358003
0551694001
0706621007
0701574001
0506410006
0843873006
0532138001
0697920011
0790383006
0554792004
0761501006
0759326008
0564314016
0557248016
0722203002
0783707122
0856646001
0875948001
0685600019
0691713005
0719629011
0730687001
0647781010
0655791009
0615307003
0647207001
0704630003
0730412001
0880821001
0811107002
0594069001
0628816002
0795836021
0721390005
0808684002
0649435001
0551504001
0584631002
0603026002
0564311036
0639511004
0584298028
0721493003
0842976002
0615192001
0751270002
0710387001
0694070001
0783707116
0564310024
0713937001
0518980005
0877360001
0790577001
0823420002
0610729001
0900279001
0789622003
0429313013
0319906008
0896685001
0786286002
0635279002
0634320006
0811925001
0666617004
0661399006
0823658001
0730645011
0736385010
0645988001
0693805002
0806605001
0572582009
0755060001
0727947012
0793520001
0820630002
0903864002
0918292003
0631888001
0631870004
0700701005
0892311001
0458543005
0845089002
0564311023
0695407008
0652356014
0925139003
0713934003
0356289060
0506411010
0747847001
0569978005
0810187004
0516777001
0643145010
0852393001
0852670001
0913966001
0448262044
0827792001
0653123003
0829308005
0743995001
0806435001
0254303058
0624901018
0817401007
0748566033
0508184019
0567644006
0877961024
0692425001
0616088002
0781403001
0716115004
0683401001
0578630027
0683399002
0875803001
0807244030
0563993002
0782065001
0565338009
0770350001
0917808002
0742400043
0564311004
0701057006
0656376001
0587375001
0837418001
0812241002
0795836008
0515136002
0510074010
0685604042
0645382001
0533491008
0475791020
0605777010
0855080009
0672112001
0624022001
0785856001
0880785001
0217727018
0761018004
0705805002
0758381002
0620036003
0841702005
0701134011
0668716001
0695450002
0564309016
0561291001
0909179001
0567638004
0902265003
0685606006
0761035001
0721268002
0655108001
0868950001
0880777002
0543723004
0862167002
0722475020
0744380001
0724542001
0703826004
0685601002
0553954001
0631536024
0792952001
0920591001
0571503001
0706268014
0156224002
0777059001
0633232003
0266873001
0733277001
0788575004
0707208001
0752742015
0689140001
0567916001
0721575001
0771665001
0608850001
0523936035
0682028002
0558402004
0647946004
0656121002
0567443001
0936253002
0783707035
0703589001
0480076005
0650676001
0654103004
0783707038
0515692013
0768551003
0857328004
0814631004
0803594002
0552852039
0562914001
0716654003
0839287001
0647207017
0605516004
0827838005
0626816009
0767577026
0770352003
0825437001
0663382004
0662369058
0620978001
0417687001
0742933005
0695299001
0736944001
0656368001
0644300003
0667411023
0750506007
0556439003
0622967002
0761360001
0633870005
0699923014
0767577028
0607025001
0656707004
0760876001
0721050001
0749062001
0642336003
0662369024
0838358002
0742735004
0784628001
0788471002
0853785005
0652356011
0564310007
0788490001
0551080032
0845714001
0653551001
0807241056
0736983004
0810591001
0663473002
0807244029
0508184020
0652356027
0745138002
0724210002
0822311016
0612175001
0581859006
0859903001
0570004017
0532578030
0708352002
0700738001
0787880005
0675662031
0833437003
0718936005
0823588004
0942053001
0720504004
0568800025
0718313005
0608939002
0860317003
0804636001
0926164001
0730863033
0712411001
0774696001
0764676001
0662577001
0751342001
0785058001
0559630009
0758840002
0774725001
0703296001
0474461037
0610602004
0779889001
0626386002
0611537001
0213691080
0559630011
0615178002
0731131001
0701078004
0636207002
0471566005
0493438021
0884971001
0489217006
0577033002
0916782003
0892421004
0411499006
0639893004
0783707026
0909925005
0652356044
0655791001
0572954005
0927131002
0852513006
0567644007
0744072002
0667409012
0825533001
0564039006
0449897040
0743244001
0703625001
0738282001
0623934001
0805931001
0594987003
0708621001
0740498001
0718618001
0683123021
0758362002
0639273001
0685604038
0549706001
0751171001
0799661001
0701134016
0581228002
0693754002
0720473004
0942128001
0706268005
0697058003
0724154003
0495725011
0645970003
0839766003
0584631030
0573085052
0762252001
0685605003
0548932002
0924453002
0662553008
0664645001
0748419003
0763743002
0738721002
0567618002
0201219014
0181160009
0738921001
0605970002
0900859002
0806241008
0564314041
0853186002
0490829010
0689087007
0882993002
0758266002
0652367001
0860575001
0564310027
0930533003
0603550001
0831416001
0680034001
0880553003
0813283002
0256511039
0706479002
0716075004
0561809003
0784466002
0675662008
0423112004
0730645002
0825016001
0707481002
0623228002
0793506028
0778745012
0588334005
0691505001
0568466001
0742400027
0660924001
0631536026
0655265003
0599742005
0815434001
0797623005
0798620004
0867969006
0839752002
0833983002
0211143040
0783707015
0685602017
0931349001
0782814001
0649553005
0921073003
0631804001
0556436001
0657188001
0784384002
0865915001
0684021019
0742924002
0763863002
0715546001
0757303002
0753836002
0749233002
0692899001
0811993021
0685604015
0733067004
0685601026
0680542002
0647207013
0807316001
0831809002
0506411013
0646286001
0491912025
0580469006
0563806004
0666656002
0653188022
0553611010
0517937001
0682813005
0880553004
0591466024
0703150003
0695341001
0569981002
0861029002
0488697007
0849362001
0736102009
0564358052
0700175002
0798017002
0234432002
0744847002
0783707066
0631536020
0789216001
0680355002
0864515002
0652356006
0815461002
0844456002
0796542001
0452818031
0635190002
0501915003
0730741003
0783707030
0662369010
0736967001
0717157001
0814520001
0549251012
0557086002
0840448002
0597901004
0217727002
0254303059
0721063004
0769428001
0489435002
0776237030
0789734003
0706621004
0660215001
0706268102
0600932002
0674092001
0760876018
0890197001
0667874001
0783707050
0787123007
0334077001
0660175001
0888024001
0784461001
0859728001
0665082022
0595779003
0771297002
0783418001
0622220003
0719629032
0852289001
0662369016
0706271005
0667411002
0416157025
0661108001
0528108001
0706271037
0344956026
0658298001
0787481007
0822344009
0868823007
0700175004
0653188009
0936979001
0685604027
0587204002
0564310036
0639738003
0807172001
0691855002
0637149009
0732311001
0372576011
0897340001
0752039001
0599697001
0690545003
0685604034
0841884007
0748355001
0929336001
0545564005
0843465007
0556415001
0297791002
0721063007
0636094001
0682238013
0859077017
0852678002
0801512008
0564310003
0707269007
0846713007
0917805003
0909701001
0522297001
0890930002
0794389001
0867969003
0918485001
0870193007
0700701002
0906822002
0684008004
0923134002
0889379009
0814631003
0661560002
0739247006
0732060004
0532683001
0682267014
0824249002
0901992001
0620223001
0685600014
0576693003
0641863002
0690066001
0619655001
0832309010
0769483001
0731925001
0519516009
0705732002
0816919014
0852663002
0764147008
0491912037
0712048002
0656239001
0769483003
0564314020
0619280002
0661108002
0900855003
0564310018
0620037004
0544780004
0714913001
0748892001
0738813004
0685600016
0567638001
0900857001
0817472001
0471714031
0564313005
0660192002
0621612004
0642322001
0799805004
0860285001
0733090002
0853704002
0748390001
0467297004
0719957006
0599380001
0412964016
0654564003
0719629018
0620037003
0889158003
0304766007
0665873001
0647338002
0854154001
0603145012
0719629021
0585107002
0743606004
0893663001
0683123014
0661311001
0588246001
0807716001
0734346001
0685604068
0800856001
0856667004
0653275011
0769673002
0713997083
0663323001
0822974001
0509637001
0608013003
0674033001
0648348004
0559754001
0544181002
0580041016
0408664009
0604988001
0908728005
0851774003
0650533001
0625431001
0564314013
0846101001
0910927001
0713380019
0713380027
0634704001
0473954014
0779781006
0769007010
0575442001
0654414003
0719629037
0611030002
0730879001
0706271007
0783517003
0783838001
0670077002
0641760001
0706590001
0683123010
0915887001
0845711001
0564310013
0731159002
0598604003
0806451001
0753475008
0620894001
0548657001
0685814052
0619502001
0568137009
0778240002
0785034009
0913340001
0818264002
0598604007
0792515001
0736631005
0880780001
0650544001
0549607002
0674103002
0890550001
0659211002
0811605001
0671809010
0708450001
0706271006
0349080001
0701083001
0769517001
0889682002
0832320002
0654414001
0575447005
0631536011
0184583014
0783707080
0865236001
0792438001
0603153002
0551892002
0806241005
0525500001
0740525006
0736385016
0766919003
0757813003
0564313017
0673390002
0674079002
0685602040
0844294001
0792939002
0775413001
0480059005
0657614003
0807244005
0645968001
0608943026
0856525002
0349301001
0304778007
0661192001
0763084002
0902265002
0593808007
0741474001
0846356001
0500314001
0713380002
0850906001
0640542006
0655267001
0452898029
0905507003
0812323001
0741586002
0719629009
0697920045
0539723006
0854679005
0738815006
0509415003
0744272001
0823118003
0549257009
0693242005
0703484001
0738403001
0851778003
0783707175
0658487002
0816423004
0670202001
0564314019
0892193002
0483082002
0796542002
0534044007
0545258008
0880392001
0605836001
0600941001
0613147002